(kicad_pcb (version 20171130) (host pcbnew "(5.1.5-0-10_14)")

  (general
    (thickness 1.6)
    (drawings 114)
    (tracks 626)
    (zones 0)
    (modules 57)
    (nets 50)
  )

  (page A4)
  (layers
    (0 F.Cu signal)
    (31 B.Cu signal)
    (32 B.Adhes user)
    (33 F.Adhes user)
    (34 B.Paste user)
    (35 F.Paste user)
    (36 B.SilkS user)
    (37 F.SilkS user)
    (38 B.Mask user)
    (39 F.Mask user)
    (40 Dwgs.User user hide)
    (41 Cmts.User user hide)
    (42 Eco1.User user hide)
    (43 Eco2.User user hide)
    (44 Edge.Cuts user)
    (45 Margin user hide)
    (46 B.CrtYd user hide)
    (47 F.CrtYd user hide)
    (48 B.Fab user hide)
    (49 F.Fab user hide)
  )

  (setup
    (last_trace_width 0.25)
    (user_trace_width 0.5)
    (user_trace_width 1)
    (user_trace_width 2)
    (user_trace_width 3)
    (trace_clearance 0.2)
    (zone_clearance 0.508)
    (zone_45_only no)
    (trace_min 0.2)
    (via_size 0.8)
    (via_drill 0.4)
    (via_min_size 0.4)
    (via_min_drill 0.3)
    (user_via 1.6 0.8)
    (user_via 2.4 1.6)
    (uvia_size 0.3)
    (uvia_drill 0.1)
    (uvias_allowed no)
    (uvia_min_size 0.2)
    (uvia_min_drill 0.1)
    (edge_width 0.05)
    (segment_width 0.2)
    (pcb_text_width 0.3)
    (pcb_text_size 1.5 1.5)
    (mod_edge_width 0.12)
    (mod_text_size 1 1)
    (mod_text_width 0.15)
    (pad_size 1.524 1.524)
    (pad_drill 0.762)
    (pad_to_mask_clearance 0.051)
    (solder_mask_min_width 0.25)
    (aux_axis_origin 0 0)
    (visible_elements FFFFFF7F)
    (pcbplotparams
      (layerselection 0x010fc_ffffffff)
      (usegerberextensions false)
      (usegerberattributes false)
      (usegerberadvancedattributes false)
      (creategerberjobfile false)
      (excludeedgelayer true)
      (linewidth 0.100000)
      (plotframeref false)
      (viasonmask false)
      (mode 1)
      (useauxorigin false)
      (hpglpennumber 1)
      (hpglpenspeed 20)
      (hpglpendiameter 15.000000)
      (psnegative false)
      (psa4output false)
      (plotreference true)
      (plotvalue true)
      (plotinvisibletext false)
      (padsonsilk false)
      (subtractmaskfromsilk false)
      (outputformat 1)
      (mirror false)
      (drillshape 0)
      (scaleselection 1)
      (outputdirectory "gerber/fcs_121/"))
  )

  (net 0 "")
  (net 1 GND)
  (net 2 +3V3)
  (net 3 "Net-(C3-Pad2)")
  (net 4 "Net-(C4-Pad2)")
  (net 5 "Net-(C5-Pad1)")
  (net 6 +5V)
  (net 7 "Net-(C7-Pad2)")
  (net 8 "Net-(C8-Pad2)")
  (net 9 /MCU/DTR)
  (net 10 /MCU/RESET)
  (net 11 +3V8)
  (net 12 "Net-(C12-Pad1)")
  (net 13 "Net-(D1-Pad2)")
  (net 14 "Net-(D2-Pad2)")
  (net 15 "Net-(D3-Pad2)")
  (net 16 "Net-(D4-Pad2)")
  (net 17 "Net-(D5-Pad2)")
  (net 18 "Net-(D6-Pad2)")
  (net 19 "Net-(D7-Pad2)")
  (net 20 /RF_CE)
  (net 21 /RF_CSN)
  (net 22 /SPI_SCK)
  (net 23 /SPI_MOSI)
  (net 24 /SPI_MISO)
  (net 25 "Net-(J1-Pad8)")
  (net 26 /MCU/RXI)
  (net 27 /MCU/TXO)
  (net 28 "Net-(L1-Pad2)")
  (net 29 "Net-(Q1-Pad1)")
  (net 30 "Net-(Q2-Pad1)")
  (net 31 "Net-(Q3-Pad1)")
  (net 32 "Net-(Q4-Pad1)")
  (net 33 /SCL)
  (net 34 /SDA)
  (net 35 /PWM_1)
  (net 36 /PWM_3)
  (net 37 /MCU/FCS_LED_0)
  (net 38 /MCU/FCS_LED_1)
  (net 39 /PWM_0)
  (net 40 /PWM_2)
  (net 41 /BAT_VAL)
  (net 42 "Net-(U1-Pad6)")
  (net 43 "Net-(U1-Pad7)")
  (net 44 /INT)
  (net 45 /MCU/PWM_4)
  (net 46 "Net-(U2-Pad2)")
  (net 47 "Net-(U2-Pad22)")
  (net 48 "Net-(U2-Pad25)")
  (net 49 "Net-(U2-Pad26)")

  (net_class Default "This is the default net class."
    (clearance 0.2)
    (trace_width 0.25)
    (via_dia 0.8)
    (via_drill 0.4)
    (uvia_dia 0.3)
    (uvia_drill 0.1)
    (add_net +3V3)
    (add_net +3V8)
    (add_net +5V)
    (add_net /BAT_VAL)
    (add_net /INT)
    (add_net /MCU/DTR)
    (add_net /MCU/FCS_LED_0)
    (add_net /MCU/FCS_LED_1)
    (add_net /MCU/PWM_4)
    (add_net /MCU/RESET)
    (add_net /MCU/RXI)
    (add_net /MCU/TXO)
    (add_net /PWM_0)
    (add_net /PWM_1)
    (add_net /PWM_2)
    (add_net /PWM_3)
    (add_net /RF_CE)
    (add_net /RF_CSN)
    (add_net /SCL)
    (add_net /SDA)
    (add_net /SPI_MISO)
    (add_net /SPI_MOSI)
    (add_net /SPI_SCK)
    (add_net GND)
    (add_net "Net-(C12-Pad1)")
    (add_net "Net-(C3-Pad2)")
    (add_net "Net-(C4-Pad2)")
    (add_net "Net-(C5-Pad1)")
    (add_net "Net-(C7-Pad2)")
    (add_net "Net-(C8-Pad2)")
    (add_net "Net-(D1-Pad2)")
    (add_net "Net-(D2-Pad2)")
    (add_net "Net-(D3-Pad2)")
    (add_net "Net-(D4-Pad2)")
    (add_net "Net-(D5-Pad2)")
    (add_net "Net-(D6-Pad2)")
    (add_net "Net-(D7-Pad2)")
    (add_net "Net-(J1-Pad8)")
    (add_net "Net-(L1-Pad2)")
    (add_net "Net-(Q1-Pad1)")
    (add_net "Net-(Q2-Pad1)")
    (add_net "Net-(Q3-Pad1)")
    (add_net "Net-(Q4-Pad1)")
    (add_net "Net-(U1-Pad6)")
    (add_net "Net-(U1-Pad7)")
    (add_net "Net-(U2-Pad2)")
    (add_net "Net-(U2-Pad22)")
    (add_net "Net-(U2-Pad25)")
    (add_net "Net-(U2-Pad26)")
  )

  (net_class power ""
    (clearance 0.3)
    (trace_width 2)
    (via_dia 4)
    (via_drill 3)
    (uvia_dia 0.3)
    (uvia_drill 0.1)
  )

  (module Connector_PinHeader_1.27mm:PinHeader_1x08_P1.27mm_Vertical (layer F.Cu) (tedit 59FED6E3) (tstamp 5EDFC110)
    (at 149.9 83.5 90)
    (descr "Through hole straight pin header, 1x08, 1.27mm pitch, single row")
    (tags "Through hole pin header THT 1x08 1.27mm single row")
    (path /5ED4BDAC/5ED6373B)
    (fp_text reference J1 (at -1.8 2.9 180) (layer F.SilkS)
      (effects (font (size 1 1) (thickness 0.15)))
    )
    (fp_text value nRF24_Breakout (at 0 10.585 90) (layer F.Fab)
      (effects (font (size 1 1) (thickness 0.15)))
    )
    (fp_text user %R (at 0 4.445) (layer F.Fab)
      (effects (font (size 1 1) (thickness 0.15)))
    )
    (fp_line (start 1.55 -1.15) (end -1.55 -1.15) (layer F.CrtYd) (width 0.05))
    (fp_line (start 1.55 10.05) (end 1.55 -1.15) (layer F.CrtYd) (width 0.05))
    (fp_line (start -1.55 10.05) (end 1.55 10.05) (layer F.CrtYd) (width 0.05))
    (fp_line (start -1.55 -1.15) (end -1.55 10.05) (layer F.CrtYd) (width 0.05))
    (fp_line (start -1.11 -0.76) (end 0 -0.76) (layer F.SilkS) (width 0.12))
    (fp_line (start -1.11 0) (end -1.11 -0.76) (layer F.SilkS) (width 0.12))
    (fp_line (start 0.563471 0.76) (end 1.11 0.76) (layer F.SilkS) (width 0.12))
    (fp_line (start -1.11 0.76) (end -0.563471 0.76) (layer F.SilkS) (width 0.12))
    (fp_line (start 1.11 0.76) (end 1.11 9.585) (layer F.SilkS) (width 0.12))
    (fp_line (start -1.11 0.76) (end -1.11 9.585) (layer F.SilkS) (width 0.12))
    (fp_line (start 0.30753 9.585) (end 1.11 9.585) (layer F.SilkS) (width 0.12))
    (fp_line (start -1.11 9.585) (end -0.30753 9.585) (layer F.SilkS) (width 0.12))
    (fp_line (start -1.05 -0.11) (end -0.525 -0.635) (layer F.Fab) (width 0.1))
    (fp_line (start -1.05 9.525) (end -1.05 -0.11) (layer F.Fab) (width 0.1))
    (fp_line (start 1.05 9.525) (end -1.05 9.525) (layer F.Fab) (width 0.1))
    (fp_line (start 1.05 -0.635) (end 1.05 9.525) (layer F.Fab) (width 0.1))
    (fp_line (start -0.525 -0.635) (end 1.05 -0.635) (layer F.Fab) (width 0.1))
    (pad 8 thru_hole oval (at 0 8.89 90) (size 1 1) (drill 0.65) (layers *.Cu *.Mask)
      (net 25 "Net-(J1-Pad8)"))
    (pad 7 thru_hole oval (at 0 7.62 90) (size 1 1) (drill 0.65) (layers *.Cu *.Mask)
      (net 24 /SPI_MISO))
    (pad 6 thru_hole oval (at 0 6.35 90) (size 1 1) (drill 0.65) (layers *.Cu *.Mask)
      (net 23 /SPI_MOSI))
    (pad 5 thru_hole oval (at 0 5.08 90) (size 1 1) (drill 0.65) (layers *.Cu *.Mask)
      (net 22 /SPI_SCK))
    (pad 4 thru_hole oval (at 0 3.81 90) (size 1 1) (drill 0.65) (layers *.Cu *.Mask)
      (net 21 /RF_CSN))
    (pad 3 thru_hole oval (at 0 2.54 90) (size 1 1) (drill 0.65) (layers *.Cu *.Mask)
      (net 20 /RF_CE))
    (pad 2 thru_hole oval (at 0 1.27 90) (size 1 1) (drill 0.65) (layers *.Cu *.Mask)
      (net 1 GND))
    (pad 1 thru_hole rect (at 0 0 90) (size 1 1) (drill 0.65) (layers *.Cu *.Mask)
      (net 2 +3V3))
    (model ${KISYS3DMOD}/Connector_PinHeader_1.27mm.3dshapes/PinHeader_1x08_P1.27mm_Vertical.wrl
      (at (xyz 0 0 0))
      (scale (xyz 1 1 1))
      (rotate (xyz 0 0 0))
    )
  )

  (module Diode_SMD:D_SOD-128 (layer F.Cu) (tedit 5D3216F4) (tstamp 5EDF870A)
    (at 148.5 115.5 90)
    (descr "D_SOD-128 (CFP5 SlimSMAW), https://assets.nexperia.com/documents/outline-drawing/SOD128.pdf")
    (tags D_SOD-128)
    (path /5ED728B2/5ED8D785/5ED6E21F)
    (attr smd)
    (fp_text reference D4 (at 4 0.1 180) (layer F.SilkS)
      (effects (font (size 1 1) (thickness 0.15)))
    )
    (fp_text value D_Schottky (at 0 2 90) (layer F.Fab)
      (effects (font (size 1 1) (thickness 0.15)))
    )
    (fp_line (start -3.08 -1.36) (end 1.9 -1.36) (layer F.SilkS) (width 0.12))
    (fp_line (start -3.08 1.36) (end 1.9 1.36) (layer F.SilkS) (width 0.12))
    (fp_line (start -3.15 -1.5) (end -3.15 1.5) (layer F.CrtYd) (width 0.05))
    (fp_line (start 3.15 1.5) (end -3.15 1.5) (layer F.CrtYd) (width 0.05))
    (fp_line (start 3.15 -1.5) (end 3.15 1.5) (layer F.CrtYd) (width 0.05))
    (fp_line (start -3.15 -1.5) (end 3.15 -1.5) (layer F.CrtYd) (width 0.05))
    (fp_line (start -1.9 -1.25) (end 1.9 -1.25) (layer F.Fab) (width 0.1))
    (fp_line (start 1.9 -1.25) (end 1.9 1.25) (layer F.Fab) (width 0.1))
    (fp_line (start 1.9 1.25) (end -1.9 1.25) (layer F.Fab) (width 0.1))
    (fp_line (start -1.9 1.25) (end -1.9 -1.25) (layer F.Fab) (width 0.1))
    (fp_line (start -0.75 0) (end -0.35 0) (layer F.Fab) (width 0.1))
    (fp_line (start -0.35 0) (end -0.35 -0.55) (layer F.Fab) (width 0.1))
    (fp_line (start -0.35 0) (end -0.35 0.55) (layer F.Fab) (width 0.1))
    (fp_line (start -0.35 0) (end 0.25 -0.4) (layer F.Fab) (width 0.1))
    (fp_line (start 0.25 -0.4) (end 0.25 0.4) (layer F.Fab) (width 0.1))
    (fp_line (start 0.25 0.4) (end -0.35 0) (layer F.Fab) (width 0.1))
    (fp_line (start 0.25 0) (end 0.75 0) (layer F.Fab) (width 0.1))
    (fp_line (start -3.08 -1.36) (end -3.08 1.36) (layer F.SilkS) (width 0.12))
    (fp_text user %R (at 0 -2 90) (layer F.Fab)
      (effects (font (size 1 1) (thickness 0.15)))
    )
    (pad 2 smd rect (at 2.2 0 90) (size 1.4 2.1) (layers F.Cu F.Paste F.Mask)
      (net 16 "Net-(D4-Pad2)"))
    (pad 1 smd rect (at -2.2 0 90) (size 1.4 2.1) (layers F.Cu F.Paste F.Mask)
      (net 11 +3V8))
    (model ${KISYS3DMOD}/Diode_SMD.3dshapes/D_SOD-128.wrl
      (at (xyz 0 0 0))
      (scale (xyz 1 1 1))
      (rotate (xyz 0 0 0))
    )
  )

  (module Diode_SMD:D_SOD-128 (layer F.Cu) (tedit 5D3216F4) (tstamp 5EDF3A9E)
    (at 180.5 116.1 90)
    (descr "D_SOD-128 (CFP5 SlimSMAW), https://assets.nexperia.com/documents/outline-drawing/SOD128.pdf")
    (tags D_SOD-128)
    (path /5ED728B2/5ED8D95E/5ED6E21F)
    (attr smd)
    (fp_text reference D3 (at 0 -2.3 90) (layer F.SilkS)
      (effects (font (size 1 1) (thickness 0.15)))
    )
    (fp_text value D_Schottky (at 0 2 90) (layer F.Fab)
      (effects (font (size 1 1) (thickness 0.15)))
    )
    (fp_line (start -3.08 -1.36) (end 1.9 -1.36) (layer F.SilkS) (width 0.12))
    (fp_line (start -3.08 1.36) (end 1.9 1.36) (layer F.SilkS) (width 0.12))
    (fp_line (start -3.15 -1.5) (end -3.15 1.5) (layer F.CrtYd) (width 0.05))
    (fp_line (start 3.15 1.5) (end -3.15 1.5) (layer F.CrtYd) (width 0.05))
    (fp_line (start 3.15 -1.5) (end 3.15 1.5) (layer F.CrtYd) (width 0.05))
    (fp_line (start -3.15 -1.5) (end 3.15 -1.5) (layer F.CrtYd) (width 0.05))
    (fp_line (start -1.9 -1.25) (end 1.9 -1.25) (layer F.Fab) (width 0.1))
    (fp_line (start 1.9 -1.25) (end 1.9 1.25) (layer F.Fab) (width 0.1))
    (fp_line (start 1.9 1.25) (end -1.9 1.25) (layer F.Fab) (width 0.1))
    (fp_line (start -1.9 1.25) (end -1.9 -1.25) (layer F.Fab) (width 0.1))
    (fp_line (start -0.75 0) (end -0.35 0) (layer F.Fab) (width 0.1))
    (fp_line (start -0.35 0) (end -0.35 -0.55) (layer F.Fab) (width 0.1))
    (fp_line (start -0.35 0) (end -0.35 0.55) (layer F.Fab) (width 0.1))
    (fp_line (start -0.35 0) (end 0.25 -0.4) (layer F.Fab) (width 0.1))
    (fp_line (start 0.25 -0.4) (end 0.25 0.4) (layer F.Fab) (width 0.1))
    (fp_line (start 0.25 0.4) (end -0.35 0) (layer F.Fab) (width 0.1))
    (fp_line (start 0.25 0) (end 0.75 0) (layer F.Fab) (width 0.1))
    (fp_line (start -3.08 -1.36) (end -3.08 1.36) (layer F.SilkS) (width 0.12))
    (fp_text user %R (at 0 -2 90) (layer F.Fab)
      (effects (font (size 1 1) (thickness 0.15)))
    )
    (pad 2 smd rect (at 2.2 0 90) (size 1.4 2.1) (layers F.Cu F.Paste F.Mask)
      (net 15 "Net-(D3-Pad2)"))
    (pad 1 smd rect (at -2.2 0 90) (size 1.4 2.1) (layers F.Cu F.Paste F.Mask)
      (net 11 +3V8))
    (model ${KISYS3DMOD}/Diode_SMD.3dshapes/D_SOD-128.wrl
      (at (xyz 0 0 0))
      (scale (xyz 1 1 1))
      (rotate (xyz 0 0 0))
    )
  )

  (module Diode_SMD:D_SOD-128 (layer F.Cu) (tedit 5D3216F4) (tstamp 5EDE6459)
    (at 148.5 124.4 270)
    (descr "D_SOD-128 (CFP5 SlimSMAW), https://assets.nexperia.com/documents/outline-drawing/SOD128.pdf")
    (tags D_SOD-128)
    (path /5ED728B2/5ED8D1E7/5ED6E21F)
    (attr smd)
    (fp_text reference D2 (at -4.1 0 180) (layer F.SilkS)
      (effects (font (size 1 1) (thickness 0.15)))
    )
    (fp_text value D_Schottky (at 0 2 90) (layer F.Fab)
      (effects (font (size 1 1) (thickness 0.15)))
    )
    (fp_line (start -3.08 -1.36) (end 1.9 -1.36) (layer F.SilkS) (width 0.12))
    (fp_line (start -3.08 1.36) (end 1.9 1.36) (layer F.SilkS) (width 0.12))
    (fp_line (start -3.15 -1.5) (end -3.15 1.5) (layer F.CrtYd) (width 0.05))
    (fp_line (start 3.15 1.5) (end -3.15 1.5) (layer F.CrtYd) (width 0.05))
    (fp_line (start 3.15 -1.5) (end 3.15 1.5) (layer F.CrtYd) (width 0.05))
    (fp_line (start -3.15 -1.5) (end 3.15 -1.5) (layer F.CrtYd) (width 0.05))
    (fp_line (start -1.9 -1.25) (end 1.9 -1.25) (layer F.Fab) (width 0.1))
    (fp_line (start 1.9 -1.25) (end 1.9 1.25) (layer F.Fab) (width 0.1))
    (fp_line (start 1.9 1.25) (end -1.9 1.25) (layer F.Fab) (width 0.1))
    (fp_line (start -1.9 1.25) (end -1.9 -1.25) (layer F.Fab) (width 0.1))
    (fp_line (start -0.75 0) (end -0.35 0) (layer F.Fab) (width 0.1))
    (fp_line (start -0.35 0) (end -0.35 -0.55) (layer F.Fab) (width 0.1))
    (fp_line (start -0.35 0) (end -0.35 0.55) (layer F.Fab) (width 0.1))
    (fp_line (start -0.35 0) (end 0.25 -0.4) (layer F.Fab) (width 0.1))
    (fp_line (start 0.25 -0.4) (end 0.25 0.4) (layer F.Fab) (width 0.1))
    (fp_line (start 0.25 0.4) (end -0.35 0) (layer F.Fab) (width 0.1))
    (fp_line (start 0.25 0) (end 0.75 0) (layer F.Fab) (width 0.1))
    (fp_line (start -3.08 -1.36) (end -3.08 1.36) (layer F.SilkS) (width 0.12))
    (fp_text user %R (at 0 -2 90) (layer F.Fab)
      (effects (font (size 1 1) (thickness 0.15)))
    )
    (pad 2 smd rect (at 2.2 0 270) (size 1.4 2.1) (layers F.Cu F.Paste F.Mask)
      (net 14 "Net-(D2-Pad2)"))
    (pad 1 smd rect (at -2.2 0 270) (size 1.4 2.1) (layers F.Cu F.Paste F.Mask)
      (net 11 +3V8))
    (model ${KISYS3DMOD}/Diode_SMD.3dshapes/D_SOD-128.wrl
      (at (xyz 0 0 0))
      (scale (xyz 1 1 1))
      (rotate (xyz 0 0 0))
    )
  )

  (module Diode_SMD:D_SOD-128 (layer F.Cu) (tedit 5D3216F4) (tstamp 5EDED342)
    (at 180.5 124.25 270)
    (descr "D_SOD-128 (CFP5 SlimSMAW), https://assets.nexperia.com/documents/outline-drawing/SOD128.pdf")
    (tags D_SOD-128)
    (path /5ED728B2/5ED72B5B/5ED6E21F)
    (attr smd)
    (fp_text reference D1 (at -1.75 2.25 90) (layer F.SilkS)
      (effects (font (size 1 1) (thickness 0.15)))
    )
    (fp_text value D_Schottky (at 0 2 90) (layer F.Fab)
      (effects (font (size 1 1) (thickness 0.15)))
    )
    (fp_line (start -3.08 -1.36) (end 1.9 -1.36) (layer F.SilkS) (width 0.12))
    (fp_line (start -3.08 1.36) (end 1.9 1.36) (layer F.SilkS) (width 0.12))
    (fp_line (start -3.15 -1.5) (end -3.15 1.5) (layer F.CrtYd) (width 0.05))
    (fp_line (start 3.15 1.5) (end -3.15 1.5) (layer F.CrtYd) (width 0.05))
    (fp_line (start 3.15 -1.5) (end 3.15 1.5) (layer F.CrtYd) (width 0.05))
    (fp_line (start -3.15 -1.5) (end 3.15 -1.5) (layer F.CrtYd) (width 0.05))
    (fp_line (start -1.9 -1.25) (end 1.9 -1.25) (layer F.Fab) (width 0.1))
    (fp_line (start 1.9 -1.25) (end 1.9 1.25) (layer F.Fab) (width 0.1))
    (fp_line (start 1.9 1.25) (end -1.9 1.25) (layer F.Fab) (width 0.1))
    (fp_line (start -1.9 1.25) (end -1.9 -1.25) (layer F.Fab) (width 0.1))
    (fp_line (start -0.75 0) (end -0.35 0) (layer F.Fab) (width 0.1))
    (fp_line (start -0.35 0) (end -0.35 -0.55) (layer F.Fab) (width 0.1))
    (fp_line (start -0.35 0) (end -0.35 0.55) (layer F.Fab) (width 0.1))
    (fp_line (start -0.35 0) (end 0.25 -0.4) (layer F.Fab) (width 0.1))
    (fp_line (start 0.25 -0.4) (end 0.25 0.4) (layer F.Fab) (width 0.1))
    (fp_line (start 0.25 0.4) (end -0.35 0) (layer F.Fab) (width 0.1))
    (fp_line (start 0.25 0) (end 0.75 0) (layer F.Fab) (width 0.1))
    (fp_line (start -3.08 -1.36) (end -3.08 1.36) (layer F.SilkS) (width 0.12))
    (fp_text user %R (at 0 -2 90) (layer F.Fab)
      (effects (font (size 1 1) (thickness 0.15)))
    )
    (pad 2 smd rect (at 2.2 0 270) (size 1.4 2.1) (layers F.Cu F.Paste F.Mask)
      (net 13 "Net-(D1-Pad2)"))
    (pad 1 smd rect (at -2.2 0 270) (size 1.4 2.1) (layers F.Cu F.Paste F.Mask)
      (net 11 +3V8))
    (model ${KISYS3DMOD}/Diode_SMD.3dshapes/D_SOD-128.wrl
      (at (xyz 0 0 0))
      (scale (xyz 1 1 1))
      (rotate (xyz 0 0 0))
    )
  )

  (module Package_QFP:TQFP-32_7x7mm_P0.8mm (layer F.Cu) (tedit 5A02F146) (tstamp 5EDF7709)
    (at 158.25 90.75 180)
    (descr "32-Lead Plastic Thin Quad Flatpack (PT) - 7x7x1.0 mm Body, 2.00 mm [TQFP] (see Microchip Packaging Specification 00000049BS.pdf)")
    (tags "QFP 0.8")
    (path /5EB724B6/5EB7271E)
    (attr smd)
    (fp_text reference U2 (at -4.25 -4.5) (layer F.SilkS)
      (effects (font (size 1 1) (thickness 0.15)))
    )
    (fp_text value ATmega328P-AU (at 0 6.05) (layer F.Fab)
      (effects (font (size 1 1) (thickness 0.15)))
    )
    (fp_text user %R (at 0 0) (layer F.Fab)
      (effects (font (size 1 1) (thickness 0.15)))
    )
    (fp_line (start -2.5 -3.5) (end 3.5 -3.5) (layer F.Fab) (width 0.15))
    (fp_line (start 3.5 -3.5) (end 3.5 3.5) (layer F.Fab) (width 0.15))
    (fp_line (start 3.5 3.5) (end -3.5 3.5) (layer F.Fab) (width 0.15))
    (fp_line (start -3.5 3.5) (end -3.5 -2.5) (layer F.Fab) (width 0.15))
    (fp_line (start -3.5 -2.5) (end -2.5 -3.5) (layer F.Fab) (width 0.15))
    (fp_line (start -5.3 -5.3) (end -5.3 5.3) (layer F.CrtYd) (width 0.05))
    (fp_line (start 5.3 -5.3) (end 5.3 5.3) (layer F.CrtYd) (width 0.05))
    (fp_line (start -5.3 -5.3) (end 5.3 -5.3) (layer F.CrtYd) (width 0.05))
    (fp_line (start -5.3 5.3) (end 5.3 5.3) (layer F.CrtYd) (width 0.05))
    (fp_line (start -3.625 -3.625) (end -3.625 -3.4) (layer F.SilkS) (width 0.15))
    (fp_line (start 3.625 -3.625) (end 3.625 -3.3) (layer F.SilkS) (width 0.15))
    (fp_line (start 3.625 3.625) (end 3.625 3.3) (layer F.SilkS) (width 0.15))
    (fp_line (start -3.625 3.625) (end -3.625 3.3) (layer F.SilkS) (width 0.15))
    (fp_line (start -3.625 -3.625) (end -3.3 -3.625) (layer F.SilkS) (width 0.15))
    (fp_line (start -3.625 3.625) (end -3.3 3.625) (layer F.SilkS) (width 0.15))
    (fp_line (start 3.625 3.625) (end 3.3 3.625) (layer F.SilkS) (width 0.15))
    (fp_line (start 3.625 -3.625) (end 3.3 -3.625) (layer F.SilkS) (width 0.15))
    (fp_line (start -3.625 -3.4) (end -5.05 -3.4) (layer F.SilkS) (width 0.15))
    (pad 1 smd rect (at -4.25 -2.8 180) (size 1.6 0.55) (layers F.Cu F.Paste F.Mask)
      (net 45 /MCU/PWM_4))
    (pad 2 smd rect (at -4.25 -2 180) (size 1.6 0.55) (layers F.Cu F.Paste F.Mask)
      (net 46 "Net-(U2-Pad2)"))
    (pad 3 smd rect (at -4.25 -1.2 180) (size 1.6 0.55) (layers F.Cu F.Paste F.Mask)
      (net 1 GND))
    (pad 4 smd rect (at -4.25 -0.4 180) (size 1.6 0.55) (layers F.Cu F.Paste F.Mask)
      (net 6 +5V))
    (pad 5 smd rect (at -4.25 0.4 180) (size 1.6 0.55) (layers F.Cu F.Paste F.Mask)
      (net 1 GND))
    (pad 6 smd rect (at -4.25 1.2 180) (size 1.6 0.55) (layers F.Cu F.Paste F.Mask)
      (net 6 +5V))
    (pad 7 smd rect (at -4.25 2 180) (size 1.6 0.55) (layers F.Cu F.Paste F.Mask)
      (net 7 "Net-(C7-Pad2)"))
    (pad 8 smd rect (at -4.25 2.8 180) (size 1.6 0.55) (layers F.Cu F.Paste F.Mask)
      (net 8 "Net-(C8-Pad2)"))
    (pad 9 smd rect (at -2.8 4.25 270) (size 1.6 0.55) (layers F.Cu F.Paste F.Mask)
      (net 39 /PWM_0))
    (pad 10 smd rect (at -2 4.25 270) (size 1.6 0.55) (layers F.Cu F.Paste F.Mask)
      (net 35 /PWM_1))
    (pad 11 smd rect (at -1.2 4.25 270) (size 1.6 0.55) (layers F.Cu F.Paste F.Mask)
      (net 20 /RF_CE))
    (pad 12 smd rect (at -0.4 4.25 270) (size 1.6 0.55) (layers F.Cu F.Paste F.Mask)
      (net 21 /RF_CSN))
    (pad 13 smd rect (at 0.4 4.25 270) (size 1.6 0.55) (layers F.Cu F.Paste F.Mask)
      (net 36 /PWM_3))
    (pad 14 smd rect (at 1.2 4.25 270) (size 1.6 0.55) (layers F.Cu F.Paste F.Mask)
      (net 40 /PWM_2))
    (pad 15 smd rect (at 2 4.25 270) (size 1.6 0.55) (layers F.Cu F.Paste F.Mask)
      (net 23 /SPI_MOSI))
    (pad 16 smd rect (at 2.8 4.25 270) (size 1.6 0.55) (layers F.Cu F.Paste F.Mask)
      (net 24 /SPI_MISO))
    (pad 17 smd rect (at 4.25 2.8 180) (size 1.6 0.55) (layers F.Cu F.Paste F.Mask)
      (net 22 /SPI_SCK))
    (pad 18 smd rect (at 4.25 2 180) (size 1.6 0.55) (layers F.Cu F.Paste F.Mask)
      (net 6 +5V))
    (pad 19 smd rect (at 4.25 1.2 180) (size 1.6 0.55) (layers F.Cu F.Paste F.Mask)
      (net 41 /BAT_VAL))
    (pad 20 smd rect (at 4.25 0.4 180) (size 1.6 0.55) (layers F.Cu F.Paste F.Mask)
      (net 5 "Net-(C5-Pad1)"))
    (pad 21 smd rect (at 4.25 -0.4 180) (size 1.6 0.55) (layers F.Cu F.Paste F.Mask)
      (net 1 GND))
    (pad 22 smd rect (at 4.25 -1.2 180) (size 1.6 0.55) (layers F.Cu F.Paste F.Mask)
      (net 47 "Net-(U2-Pad22)"))
    (pad 23 smd rect (at 4.25 -2 180) (size 1.6 0.55) (layers F.Cu F.Paste F.Mask)
      (net 37 /MCU/FCS_LED_0))
    (pad 24 smd rect (at 4.25 -2.8 180) (size 1.6 0.55) (layers F.Cu F.Paste F.Mask)
      (net 38 /MCU/FCS_LED_1))
    (pad 25 smd rect (at 2.8 -4.25 270) (size 1.6 0.55) (layers F.Cu F.Paste F.Mask)
      (net 48 "Net-(U2-Pad25)"))
    (pad 26 smd rect (at 2 -4.25 270) (size 1.6 0.55) (layers F.Cu F.Paste F.Mask)
      (net 49 "Net-(U2-Pad26)"))
    (pad 27 smd rect (at 1.2 -4.25 270) (size 1.6 0.55) (layers F.Cu F.Paste F.Mask)
      (net 34 /SDA))
    (pad 28 smd rect (at 0.4 -4.25 270) (size 1.6 0.55) (layers F.Cu F.Paste F.Mask)
      (net 33 /SCL))
    (pad 29 smd rect (at -0.4 -4.25 270) (size 1.6 0.55) (layers F.Cu F.Paste F.Mask)
      (net 10 /MCU/RESET))
    (pad 30 smd rect (at -1.2 -4.25 270) (size 1.6 0.55) (layers F.Cu F.Paste F.Mask)
      (net 26 /MCU/RXI))
    (pad 31 smd rect (at -2 -4.25 270) (size 1.6 0.55) (layers F.Cu F.Paste F.Mask)
      (net 27 /MCU/TXO))
    (pad 32 smd rect (at -2.8 -4.25 270) (size 1.6 0.55) (layers F.Cu F.Paste F.Mask)
      (net 44 /INT))
    (model ${KISYS3DMOD}/Package_QFP.3dshapes/TQFP-32_7x7mm_P0.8mm.wrl
      (at (xyz 0 0 0))
      (scale (xyz 1 1 1))
      (rotate (xyz 0 0 0))
    )
  )

  (module Capacitor_SMD:C_0805_2012Metric (layer F.Cu) (tedit 5B36C52B) (tstamp 5EDEEAFC)
    (at 160.25 104.5625 270)
    (descr "Capacitor SMD 0805 (2012 Metric), square (rectangular) end terminal, IPC_7351 nominal, (Body size source: https://docs.google.com/spreadsheets/d/1BsfQQcO9C6DZCsRaXUlFlo91Tg2WpOkGARC1WS5S8t0/edit?usp=sharing), generated with kicad-footprint-generator")
    (tags capacitor)
    (path /5ECE82AB/5ECEFDE5)
    (attr smd)
    (fp_text reference C1 (at 0 1.8 180) (layer F.SilkS)
      (effects (font (size 1 1) (thickness 0.15)))
    )
    (fp_text value "10 nF" (at 0 1.65 90) (layer F.Fab)
      (effects (font (size 1 1) (thickness 0.15)))
    )
    (fp_text user %R (at 0 0 90) (layer F.Fab)
      (effects (font (size 0.5 0.5) (thickness 0.08)))
    )
    (fp_line (start 1.68 0.95) (end -1.68 0.95) (layer F.CrtYd) (width 0.05))
    (fp_line (start 1.68 -0.95) (end 1.68 0.95) (layer F.CrtYd) (width 0.05))
    (fp_line (start -1.68 -0.95) (end 1.68 -0.95) (layer F.CrtYd) (width 0.05))
    (fp_line (start -1.68 0.95) (end -1.68 -0.95) (layer F.CrtYd) (width 0.05))
    (fp_line (start -0.258578 0.71) (end 0.258578 0.71) (layer F.SilkS) (width 0.12))
    (fp_line (start -0.258578 -0.71) (end 0.258578 -0.71) (layer F.SilkS) (width 0.12))
    (fp_line (start 1 0.6) (end -1 0.6) (layer F.Fab) (width 0.1))
    (fp_line (start 1 -0.6) (end 1 0.6) (layer F.Fab) (width 0.1))
    (fp_line (start -1 -0.6) (end 1 -0.6) (layer F.Fab) (width 0.1))
    (fp_line (start -1 0.6) (end -1 -0.6) (layer F.Fab) (width 0.1))
    (pad 2 smd roundrect (at 0.9375 0 270) (size 0.975 1.4) (layers F.Cu F.Paste F.Mask) (roundrect_rratio 0.25)
      (net 1 GND))
    (pad 1 smd roundrect (at -0.9375 0 270) (size 0.975 1.4) (layers F.Cu F.Paste F.Mask) (roundrect_rratio 0.25)
      (net 2 +3V3))
    (model ${KISYS3DMOD}/Capacitor_SMD.3dshapes/C_0805_2012Metric.wrl
      (at (xyz 0 0 0))
      (scale (xyz 1 1 1))
      (rotate (xyz 0 0 0))
    )
  )

  (module Capacitor_SMD:C_0805_2012Metric (layer F.Cu) (tedit 5B36C52B) (tstamp 5EDF79FF)
    (at 165 109.75 180)
    (descr "Capacitor SMD 0805 (2012 Metric), square (rectangular) end terminal, IPC_7351 nominal, (Body size source: https://docs.google.com/spreadsheets/d/1BsfQQcO9C6DZCsRaXUlFlo91Tg2WpOkGARC1WS5S8t0/edit?usp=sharing), generated with kicad-footprint-generator")
    (tags capacitor)
    (path /5ECE82AB/5ECF20C1)
    (attr smd)
    (fp_text reference C2 (at 0.1 -1.65) (layer F.SilkS)
      (effects (font (size 1 1) (thickness 0.15)))
    )
    (fp_text value "0.1 uF" (at 0 1.65) (layer F.Fab)
      (effects (font (size 1 1) (thickness 0.15)))
    )
    (fp_line (start -1 0.6) (end -1 -0.6) (layer F.Fab) (width 0.1))
    (fp_line (start -1 -0.6) (end 1 -0.6) (layer F.Fab) (width 0.1))
    (fp_line (start 1 -0.6) (end 1 0.6) (layer F.Fab) (width 0.1))
    (fp_line (start 1 0.6) (end -1 0.6) (layer F.Fab) (width 0.1))
    (fp_line (start -0.258578 -0.71) (end 0.258578 -0.71) (layer F.SilkS) (width 0.12))
    (fp_line (start -0.258578 0.71) (end 0.258578 0.71) (layer F.SilkS) (width 0.12))
    (fp_line (start -1.68 0.95) (end -1.68 -0.95) (layer F.CrtYd) (width 0.05))
    (fp_line (start -1.68 -0.95) (end 1.68 -0.95) (layer F.CrtYd) (width 0.05))
    (fp_line (start 1.68 -0.95) (end 1.68 0.95) (layer F.CrtYd) (width 0.05))
    (fp_line (start 1.68 0.95) (end -1.68 0.95) (layer F.CrtYd) (width 0.05))
    (fp_text user %R (at 0 0) (layer F.Fab)
      (effects (font (size 0.5 0.5) (thickness 0.08)))
    )
    (pad 1 smd roundrect (at -0.9375 0 180) (size 0.975 1.4) (layers F.Cu F.Paste F.Mask) (roundrect_rratio 0.25)
      (net 1 GND))
    (pad 2 smd roundrect (at 0.9375 0 180) (size 0.975 1.4) (layers F.Cu F.Paste F.Mask) (roundrect_rratio 0.25)
      (net 2 +3V3))
    (model ${KISYS3DMOD}/Capacitor_SMD.3dshapes/C_0805_2012Metric.wrl
      (at (xyz 0 0 0))
      (scale (xyz 1 1 1))
      (rotate (xyz 0 0 0))
    )
  )

  (module Capacitor_SMD:C_0805_2012Metric (layer F.Cu) (tedit 5B36C52B) (tstamp 5EDEEC46)
    (at 168.75 106.75 90)
    (descr "Capacitor SMD 0805 (2012 Metric), square (rectangular) end terminal, IPC_7351 nominal, (Body size source: https://docs.google.com/spreadsheets/d/1BsfQQcO9C6DZCsRaXUlFlo91Tg2WpOkGARC1WS5S8t0/edit?usp=sharing), generated with kicad-footprint-generator")
    (tags capacitor)
    (path /5ECE82AB/5ECF57FD)
    (attr smd)
    (fp_text reference C3 (at 0.01246 1.73736 90) (layer F.SilkS)
      (effects (font (size 1 1) (thickness 0.15)))
    )
    (fp_text value "2.2 nF" (at 0 1.65 90) (layer F.Fab)
      (effects (font (size 1 1) (thickness 0.15)))
    )
    (fp_text user %R (at 0 0 90) (layer F.Fab)
      (effects (font (size 0.5 0.5) (thickness 0.08)))
    )
    (fp_line (start 1.68 0.95) (end -1.68 0.95) (layer F.CrtYd) (width 0.05))
    (fp_line (start 1.68 -0.95) (end 1.68 0.95) (layer F.CrtYd) (width 0.05))
    (fp_line (start -1.68 -0.95) (end 1.68 -0.95) (layer F.CrtYd) (width 0.05))
    (fp_line (start -1.68 0.95) (end -1.68 -0.95) (layer F.CrtYd) (width 0.05))
    (fp_line (start -0.258578 0.71) (end 0.258578 0.71) (layer F.SilkS) (width 0.12))
    (fp_line (start -0.258578 -0.71) (end 0.258578 -0.71) (layer F.SilkS) (width 0.12))
    (fp_line (start 1 0.6) (end -1 0.6) (layer F.Fab) (width 0.1))
    (fp_line (start 1 -0.6) (end 1 0.6) (layer F.Fab) (width 0.1))
    (fp_line (start -1 -0.6) (end 1 -0.6) (layer F.Fab) (width 0.1))
    (fp_line (start -1 0.6) (end -1 -0.6) (layer F.Fab) (width 0.1))
    (pad 2 smd roundrect (at 0.9375 0 90) (size 0.975 1.4) (layers F.Cu F.Paste F.Mask) (roundrect_rratio 0.25)
      (net 3 "Net-(C3-Pad2)"))
    (pad 1 smd roundrect (at -0.9375 0 90) (size 0.975 1.4) (layers F.Cu F.Paste F.Mask) (roundrect_rratio 0.25)
      (net 1 GND))
    (model ${KISYS3DMOD}/Capacitor_SMD.3dshapes/C_0805_2012Metric.wrl
      (at (xyz 0 0 0))
      (scale (xyz 1 1 1))
      (rotate (xyz 0 0 0))
    )
  )

  (module Capacitor_SMD:C_0805_2012Metric (layer F.Cu) (tedit 5B36C52B) (tstamp 5EDEEC16)
    (at 160.25 108.4375 90)
    (descr "Capacitor SMD 0805 (2012 Metric), square (rectangular) end terminal, IPC_7351 nominal, (Body size source: https://docs.google.com/spreadsheets/d/1BsfQQcO9C6DZCsRaXUlFlo91Tg2WpOkGARC1WS5S8t0/edit?usp=sharing), generated with kicad-footprint-generator")
    (tags capacitor)
    (path /5ECE82AB/5ECF6E40)
    (attr smd)
    (fp_text reference C4 (at -1.2625 -1.95 180) (layer F.SilkS)
      (effects (font (size 1 1) (thickness 0.15)))
    )
    (fp_text value "0.1 uF" (at 0 1.65 90) (layer F.Fab)
      (effects (font (size 1 1) (thickness 0.15)))
    )
    (fp_line (start -1 0.6) (end -1 -0.6) (layer F.Fab) (width 0.1))
    (fp_line (start -1 -0.6) (end 1 -0.6) (layer F.Fab) (width 0.1))
    (fp_line (start 1 -0.6) (end 1 0.6) (layer F.Fab) (width 0.1))
    (fp_line (start 1 0.6) (end -1 0.6) (layer F.Fab) (width 0.1))
    (fp_line (start -0.258578 -0.71) (end 0.258578 -0.71) (layer F.SilkS) (width 0.12))
    (fp_line (start -0.258578 0.71) (end 0.258578 0.71) (layer F.SilkS) (width 0.12))
    (fp_line (start -1.68 0.95) (end -1.68 -0.95) (layer F.CrtYd) (width 0.05))
    (fp_line (start -1.68 -0.95) (end 1.68 -0.95) (layer F.CrtYd) (width 0.05))
    (fp_line (start 1.68 -0.95) (end 1.68 0.95) (layer F.CrtYd) (width 0.05))
    (fp_line (start 1.68 0.95) (end -1.68 0.95) (layer F.CrtYd) (width 0.05))
    (fp_text user %R (at 0 0 90) (layer F.Fab)
      (effects (font (size 0.5 0.5) (thickness 0.08)))
    )
    (pad 1 smd roundrect (at -0.9375 0 90) (size 0.975 1.4) (layers F.Cu F.Paste F.Mask) (roundrect_rratio 0.25)
      (net 1 GND))
    (pad 2 smd roundrect (at 0.9375 0 90) (size 0.975 1.4) (layers F.Cu F.Paste F.Mask) (roundrect_rratio 0.25)
      (net 4 "Net-(C4-Pad2)"))
    (model ${KISYS3DMOD}/Capacitor_SMD.3dshapes/C_0805_2012Metric.wrl
      (at (xyz 0 0 0))
      (scale (xyz 1 1 1))
      (rotate (xyz 0 0 0))
    )
  )

  (module Capacitor_SMD:C_0805_2012Metric (layer F.Cu) (tedit 5B36C52B) (tstamp 5EDA941B)
    (at 150 91 270)
    (descr "Capacitor SMD 0805 (2012 Metric), square (rectangular) end terminal, IPC_7351 nominal, (Body size source: https://docs.google.com/spreadsheets/d/1BsfQQcO9C6DZCsRaXUlFlo91Tg2WpOkGARC1WS5S8t0/edit?usp=sharing), generated with kicad-footprint-generator")
    (tags capacitor)
    (path /5EB724B6/5EB7E9DB)
    (attr smd)
    (fp_text reference C5 (at 2.4 0.1 180) (layer F.SilkS)
      (effects (font (size 1 1) (thickness 0.15)))
    )
    (fp_text value "0.1 uF" (at 0 1.65 90) (layer F.Fab)
      (effects (font (size 1 1) (thickness 0.15)))
    )
    (fp_line (start -1 0.6) (end -1 -0.6) (layer F.Fab) (width 0.1))
    (fp_line (start -1 -0.6) (end 1 -0.6) (layer F.Fab) (width 0.1))
    (fp_line (start 1 -0.6) (end 1 0.6) (layer F.Fab) (width 0.1))
    (fp_line (start 1 0.6) (end -1 0.6) (layer F.Fab) (width 0.1))
    (fp_line (start -0.258578 -0.71) (end 0.258578 -0.71) (layer F.SilkS) (width 0.12))
    (fp_line (start -0.258578 0.71) (end 0.258578 0.71) (layer F.SilkS) (width 0.12))
    (fp_line (start -1.68 0.95) (end -1.68 -0.95) (layer F.CrtYd) (width 0.05))
    (fp_line (start -1.68 -0.95) (end 1.68 -0.95) (layer F.CrtYd) (width 0.05))
    (fp_line (start 1.68 -0.95) (end 1.68 0.95) (layer F.CrtYd) (width 0.05))
    (fp_line (start 1.68 0.95) (end -1.68 0.95) (layer F.CrtYd) (width 0.05))
    (fp_text user %R (at 0 0 90) (layer F.Fab)
      (effects (font (size 0.5 0.5) (thickness 0.08)))
    )
    (pad 1 smd roundrect (at -0.9375 0 270) (size 0.975 1.4) (layers F.Cu F.Paste F.Mask) (roundrect_rratio 0.25)
      (net 5 "Net-(C5-Pad1)"))
    (pad 2 smd roundrect (at 0.9375 0 270) (size 0.975 1.4) (layers F.Cu F.Paste F.Mask) (roundrect_rratio 0.25)
      (net 1 GND))
    (model ${KISYS3DMOD}/Capacitor_SMD.3dshapes/C_0805_2012Metric.wrl
      (at (xyz 0 0 0))
      (scale (xyz 1 1 1))
      (rotate (xyz 0 0 0))
    )
  )

  (module Capacitor_SMD:C_0805_2012Metric (layer F.Cu) (tedit 5B36C52B) (tstamp 5EDF10B3)
    (at 150 87 270)
    (descr "Capacitor SMD 0805 (2012 Metric), square (rectangular) end terminal, IPC_7351 nominal, (Body size source: https://docs.google.com/spreadsheets/d/1BsfQQcO9C6DZCsRaXUlFlo91Tg2WpOkGARC1WS5S8t0/edit?usp=sharing), generated with kicad-footprint-generator")
    (tags capacitor)
    (path /5EB724B6/5ED94464)
    (attr smd)
    (fp_text reference C6 (at 0.3 -1.9 180) (layer F.SilkS)
      (effects (font (size 1 1) (thickness 0.15)))
    )
    (fp_text value "0.1 uF" (at 0 1.65 90) (layer F.Fab)
      (effects (font (size 1 1) (thickness 0.15)))
    )
    (fp_line (start -1 0.6) (end -1 -0.6) (layer F.Fab) (width 0.1))
    (fp_line (start -1 -0.6) (end 1 -0.6) (layer F.Fab) (width 0.1))
    (fp_line (start 1 -0.6) (end 1 0.6) (layer F.Fab) (width 0.1))
    (fp_line (start 1 0.6) (end -1 0.6) (layer F.Fab) (width 0.1))
    (fp_line (start -0.258578 -0.71) (end 0.258578 -0.71) (layer F.SilkS) (width 0.12))
    (fp_line (start -0.258578 0.71) (end 0.258578 0.71) (layer F.SilkS) (width 0.12))
    (fp_line (start -1.68 0.95) (end -1.68 -0.95) (layer F.CrtYd) (width 0.05))
    (fp_line (start -1.68 -0.95) (end 1.68 -0.95) (layer F.CrtYd) (width 0.05))
    (fp_line (start 1.68 -0.95) (end 1.68 0.95) (layer F.CrtYd) (width 0.05))
    (fp_line (start 1.68 0.95) (end -1.68 0.95) (layer F.CrtYd) (width 0.05))
    (fp_text user %R (at 0 0 90) (layer F.Fab)
      (effects (font (size 0.5 0.5) (thickness 0.08)))
    )
    (pad 1 smd roundrect (at -0.9375 0 270) (size 0.975 1.4) (layers F.Cu F.Paste F.Mask) (roundrect_rratio 0.25)
      (net 6 +5V))
    (pad 2 smd roundrect (at 0.9375 0 270) (size 0.975 1.4) (layers F.Cu F.Paste F.Mask) (roundrect_rratio 0.25)
      (net 1 GND))
    (model ${KISYS3DMOD}/Capacitor_SMD.3dshapes/C_0805_2012Metric.wrl
      (at (xyz 0 0 0))
      (scale (xyz 1 1 1))
      (rotate (xyz 0 0 0))
    )
  )

  (module Capacitor_SMD:C_0805_2012Metric (layer F.Cu) (tedit 5B36C52B) (tstamp 5EDF7505)
    (at 172.25 92.75 180)
    (descr "Capacitor SMD 0805 (2012 Metric), square (rectangular) end terminal, IPC_7351 nominal, (Body size source: https://docs.google.com/spreadsheets/d/1BsfQQcO9C6DZCsRaXUlFlo91Tg2WpOkGARC1WS5S8t0/edit?usp=sharing), generated with kicad-footprint-generator")
    (tags capacitor)
    (path /5EB724B6/5EB8EB82)
    (attr smd)
    (fp_text reference C7 (at -0.15 -1.85) (layer F.SilkS)
      (effects (font (size 1 1) (thickness 0.15)))
    )
    (fp_text value "22 pF" (at 0 1.65) (layer F.Fab)
      (effects (font (size 1 1) (thickness 0.15)))
    )
    (fp_line (start -1 0.6) (end -1 -0.6) (layer F.Fab) (width 0.1))
    (fp_line (start -1 -0.6) (end 1 -0.6) (layer F.Fab) (width 0.1))
    (fp_line (start 1 -0.6) (end 1 0.6) (layer F.Fab) (width 0.1))
    (fp_line (start 1 0.6) (end -1 0.6) (layer F.Fab) (width 0.1))
    (fp_line (start -0.258578 -0.71) (end 0.258578 -0.71) (layer F.SilkS) (width 0.12))
    (fp_line (start -0.258578 0.71) (end 0.258578 0.71) (layer F.SilkS) (width 0.12))
    (fp_line (start -1.68 0.95) (end -1.68 -0.95) (layer F.CrtYd) (width 0.05))
    (fp_line (start -1.68 -0.95) (end 1.68 -0.95) (layer F.CrtYd) (width 0.05))
    (fp_line (start 1.68 -0.95) (end 1.68 0.95) (layer F.CrtYd) (width 0.05))
    (fp_line (start 1.68 0.95) (end -1.68 0.95) (layer F.CrtYd) (width 0.05))
    (fp_text user %R (at 0 0) (layer F.Fab)
      (effects (font (size 0.5 0.5) (thickness 0.08)))
    )
    (pad 1 smd roundrect (at -0.9375 0 180) (size 0.975 1.4) (layers F.Cu F.Paste F.Mask) (roundrect_rratio 0.25)
      (net 1 GND))
    (pad 2 smd roundrect (at 0.9375 0 180) (size 0.975 1.4) (layers F.Cu F.Paste F.Mask) (roundrect_rratio 0.25)
      (net 7 "Net-(C7-Pad2)"))
    (model ${KISYS3DMOD}/Capacitor_SMD.3dshapes/C_0805_2012Metric.wrl
      (at (xyz 0 0 0))
      (scale (xyz 1 1 1))
      (rotate (xyz 0 0 0))
    )
  )

  (module Capacitor_SMD:C_0805_2012Metric (layer F.Cu) (tedit 5B36C52B) (tstamp 5EDC320E)
    (at 172.25 88.25 180)
    (descr "Capacitor SMD 0805 (2012 Metric), square (rectangular) end terminal, IPC_7351 nominal, (Body size source: https://docs.google.com/spreadsheets/d/1BsfQQcO9C6DZCsRaXUlFlo91Tg2WpOkGARC1WS5S8t0/edit?usp=sharing), generated with kicad-footprint-generator")
    (tags capacitor)
    (path /5EB724B6/5EB905E9)
    (attr smd)
    (fp_text reference C8 (at -2.65 -0.05) (layer F.SilkS)
      (effects (font (size 1 1) (thickness 0.15)))
    )
    (fp_text value "22 pF" (at 0 1.65) (layer F.Fab)
      (effects (font (size 1 1) (thickness 0.15)))
    )
    (fp_line (start -1 0.6) (end -1 -0.6) (layer F.Fab) (width 0.1))
    (fp_line (start -1 -0.6) (end 1 -0.6) (layer F.Fab) (width 0.1))
    (fp_line (start 1 -0.6) (end 1 0.6) (layer F.Fab) (width 0.1))
    (fp_line (start 1 0.6) (end -1 0.6) (layer F.Fab) (width 0.1))
    (fp_line (start -0.258578 -0.71) (end 0.258578 -0.71) (layer F.SilkS) (width 0.12))
    (fp_line (start -0.258578 0.71) (end 0.258578 0.71) (layer F.SilkS) (width 0.12))
    (fp_line (start -1.68 0.95) (end -1.68 -0.95) (layer F.CrtYd) (width 0.05))
    (fp_line (start -1.68 -0.95) (end 1.68 -0.95) (layer F.CrtYd) (width 0.05))
    (fp_line (start 1.68 -0.95) (end 1.68 0.95) (layer F.CrtYd) (width 0.05))
    (fp_line (start 1.68 0.95) (end -1.68 0.95) (layer F.CrtYd) (width 0.05))
    (fp_text user %R (at 0 0) (layer F.Fab)
      (effects (font (size 0.5 0.5) (thickness 0.08)))
    )
    (pad 1 smd roundrect (at -0.9375 0 180) (size 0.975 1.4) (layers F.Cu F.Paste F.Mask) (roundrect_rratio 0.25)
      (net 1 GND))
    (pad 2 smd roundrect (at 0.9375 0 180) (size 0.975 1.4) (layers F.Cu F.Paste F.Mask) (roundrect_rratio 0.25)
      (net 8 "Net-(C8-Pad2)"))
    (model ${KISYS3DMOD}/Capacitor_SMD.3dshapes/C_0805_2012Metric.wrl
      (at (xyz 0 0 0))
      (scale (xyz 1 1 1))
      (rotate (xyz 0 0 0))
    )
  )

  (module Capacitor_SMD:C_0805_2012Metric (layer F.Cu) (tedit 5B36C52B) (tstamp 5EDA9138)
    (at 160.25 100.75)
    (descr "Capacitor SMD 0805 (2012 Metric), square (rectangular) end terminal, IPC_7351 nominal, (Body size source: https://docs.google.com/spreadsheets/d/1BsfQQcO9C6DZCsRaXUlFlo91Tg2WpOkGARC1WS5S8t0/edit?usp=sharing), generated with kicad-footprint-generator")
    (tags capacitor)
    (path /5EB724B6/5ECDE23B)
    (attr smd)
    (fp_text reference C9 (at 3.05 -0.025) (layer F.SilkS)
      (effects (font (size 1 1) (thickness 0.15)))
    )
    (fp_text value "0.1 uF" (at 0 1.65) (layer F.Fab)
      (effects (font (size 1 1) (thickness 0.15)))
    )
    (fp_line (start -1 0.6) (end -1 -0.6) (layer F.Fab) (width 0.1))
    (fp_line (start -1 -0.6) (end 1 -0.6) (layer F.Fab) (width 0.1))
    (fp_line (start 1 -0.6) (end 1 0.6) (layer F.Fab) (width 0.1))
    (fp_line (start 1 0.6) (end -1 0.6) (layer F.Fab) (width 0.1))
    (fp_line (start -0.258578 -0.71) (end 0.258578 -0.71) (layer F.SilkS) (width 0.12))
    (fp_line (start -0.258578 0.71) (end 0.258578 0.71) (layer F.SilkS) (width 0.12))
